et.rsStat.tooltipData = [['Date',{'type':'number','label':'ASN'},{'type':'number','label':'BURN'},{'type':'number','label':'MDKD'},{'type':'number','label':'MDF'},{'type':'number','label':'ADRA'},{'type':'number','label':'CJN'},{'type':'number','label':'BQA'},{'type':'number','label':'ODM'},{'type':'number','label':'VSU'},{'type':'number','label':'GBA'},{'type':'number','label':'CDGR'},{'type':'number','label':'SLB'},{'type':'number','label':'MDN'},{'type':'number','label':'KGP'},{'type':'number','label':'PKU'},{'type':'number','label':'TMZ'},{'type':'number','label':'DZKT'},{'type':'number','label':'HLZ'}]
,[new Date(2024,3,29),null,null,null,null,null,null,null,null,null,null,null,null,null,null,null,null,null,null]
,[new Date(2024,3,30),0,4,10,9,8,13,9,9,5,4,6,9,2,9,0,0,0,14]
,[new Date(2024,4,01),0,5,2,2,4,20,20,19,16,11,6,5,2,5,12,10,6,10]
,[new Date(2024,4,02),0,5,2,1,4,10,6,6,5,4,3,2,45,36,22,21,17,10]
,[new Date(2024,4,03),0,6,3,2,1,9,6,5,1,1,2,2,1,7,43,5,1,14]
,[new Date(2024,4,04),0,4,0,1,6,22,18,17,13,6,3,1,2,3,0,7,3,14]
,[new Date(2024,4,06),0,3,2,1,3,12,8,6,4,6,6,5,2,0,0,7,3,0]
,[new Date(2024,4,07),0,2,0,1,4,20,16,14,12,16,14,13,9,0,0,0,0,13]
,[new Date(2024,4,08),0,6,2,1,2,16,11,6,2,1,0,0,2,1,0,12,10,0]
,[new Date(2024,4,09),0,4,1,0,9,28,24,22,19,20,18,17,7,56,42,35,31,14]
,[new Date(2024,4,10),0,6,4,3,9,23,21,20,18,18,16,16,15,5,42,40,36,14]
,[new Date(2024,4,11),0,3,1,1,0,13,9,7,5,7,5,4,3,9,0,20,16,11]
,[new Date(2024,4,13),0,2,1,1,5,19,15,13,11,11,9,8,7,4,0,0,0,7]
,[new Date(2024,4,14),0,3,1,1,1,17,13,11,8,8,6,5,0,0,0,13,9,0]
,[new Date(2024,4,15),0,3,1,1,0,4,1,0,0,1,0,0,0,0,0,20,7,0]
,[new Date(2024,4,16),0,5,3,2,6,13,12,10,8,8,5,4,7,3,0,7,8,0]
,[new Date(2024,4,17),0,4,2,1,8,13,9,8,6,6,4,3,5,11,0,15,11,0]
,[new Date(2024,4,18),2,7,5,4,3,9,5,4,2,2,4,3,0,0,0,12,2,5]
,[new Date(2024,4,20),0,3,1,1,6,16,14,13,11,12,9,5,2,1,1,0,0,-4]
,[new Date(2024,4,21),1,4,5,5,8,18,13,12,9,8,6,6,1,0,0,0,0,5]
,[new Date(2024,4,22),0,11,9,9,12,19,15,13,12,21,21,21,11,36,22,21,17,39]
,[new Date(2024,4,23),0,4,1,1,1,14,10,8,5,5,3,2,0,1,1,1,0,5]
,[new Date(2024,4,24),0,5,1,1,0,8,5,4,2,4,4,4,0,0,29,45,41,20]
,[new Date(2024,4,25),0,3,1,1,25,33,28,26,23,22,21,20,11,18,35,34,29,13]
,[new Date(2024,4,27),0,5,5,7,2,21,25,23,21,20,18,17,10,17,24,40,36,15]
,[new Date(2024,4,28),0,4,2,1,0,3,0,0,0,0,0,0,0,0,1,0,0,-4]
,[new Date(2024,4,29),0,4,2,1,0,3,0,2,1,2,0,0,0,1,18,16,13,11]
,[new Date(2024,4,30),1,4,1,1,1,9,5,4,2,2,2,2,0,7,39,38,34,20]
,[new Date(2024,4,31),0,10,10,9,11,16,12,11,8,7,5,5,1,0,0,0,0,9]
,[new Date(2024,5,01),0,2,0,0,1,5,0,10,7,6,5,4,7,12,25,23,18,15]
,[new Date(2024,5,03),0,9,7,5,10,13,14,13,11,10,7,7,0,5,21,20,15,0]
,[new Date(2024,5,04),null,null,null,null,null,null,null,null,null,null,null,null,null,null,null,null,null,null]
,[new Date(2024,5,05),null,null,null,null,null,null,null,null,null,null,null,null,null,null,null,null,null,null]
,[new Date(2024,5,06),null,null,null,null,null,null,null,null,null,null,null,null,null,null,null,null,null,null]
,[new Date(2024,5,07),0,3,0,0,3,17,15,14,12,12,11,12,7,13,31,28,24,14]
,[new Date(2024,5,08),0,5,2,2,0,8,3,2,0,1,0,0,0,0,0,0,0,11]
,[new Date(2024,5,10),0,3,0,1,7,16,16,15,13,13,11,10,2,6,0,24,20,0]
,[new Date(2024,5,11),0,5,2,2,8,21,17,16,15,15,15,14,13,9,29,27,21,7]
,[new Date(2024,5,12),0,12,8,7,9,19,19,18,15,15,14,13,8,20,24,24,19,12]
,[new Date(2024,5,13),0,4,2,1,1,7,12,10,7,6,4,3,0,0,13,12,8,13]
,[new Date(2024,5,14),0,0,0,1,1,7,7,5,4,5,3,2,0,0,8,7,2,11]
,[new Date(2024,5,15),0,5,1,1,1,12,10,9,4,3,2,1,1,52,39,32,28,13]
,[new Date(2024,5,17),0,5,1,2,2,11,6,5,2,1,0,2,1,7,0,14,12,11]
,[new Date(2024,5,18),0,25,25,27,28,39,38,37,36,37,35,35,33,29,42,41,37,14]
,[new Date(2024,5,19),0,4,5,7,9,28,24,23,21,21,19,19,21,26,36,33,29,50]
,[new Date(2024,5,20),0,4,3,5,5,12,7,6,3,2,0,2,4,7,8,3,2,0]
,[new Date(2024,5,21),0,0,0,0,0,0,0,0,0,0,0,0,22,9,0,2,6,0]
,[new Date(2024,5,22),0,5,1,2,1,13,9,9,7,5,6,7,7,14,15,9,3,0]
,[new Date(2024,5,24),0,4,4,5,3,25,23,23,20,19,18,19,14,16,30,29,21,10]
,[new Date(2024,5,25),0,5,4,6,18,46,42,41,39,38,38,40,43,36,30,23,14,5]
,[new Date(2024,5,26),0,6,4,5,10,49,45,43,41,39,37,40,42,41,34,27,21,15]
,[new Date(2024,5,27),0,2,0,2,1,14,12,11,9,7,6,5,0,1,0,1,0,5]
,[new Date(2024,5,28),0,4,0,1,8,22,23,18,11,7,4,4,1,0,0,0,0,7]
,[new Date(2024,5,29),0,3,1,2,17,30,25,20,13,5,1,0,2,15,1,1,0,5]
,[new Date(2024,6,01),0,3,4,6,5,4,9,8,7,6,5,4,2,12,0,1,0,0]
,[new Date(2024,6,02),1,6,4,4,4,5,5,4,5,4,4,4,2,7,1,69,65,12]
,[new Date(2024,6,03),1,7,2,2,4,14,10,9,8,2,1,1,3,5,0,3,2,1]
,[new Date(2024,6,04),0,7,3,4,6,26,26,22,15,8,2,1,2,5,2,3,5,0]
,[new Date(2024,6,05),0,4,0,1,7,11,8,7,0,0,0,0,2,5,3,0,0,10]
,[new Date(2024,6,06),1,9,9,7,7,17,14,8,3,2,1,0,2,5,2,0,0,14]
,[new Date(2024,6,08),1,7,29,28,25,17,9,4,4,10,10,10,2,30,16,12,5,14]
,[new Date(2024,6,09),0,3,6,6,16,22,17,14,10,8,6,4,2,3,0,0,0,5]
,[new Date(2024,6,10),1,5,1,1,3,19,15,13,11,8,4,1,2,16,1,1,0,0]
,[new Date(2024,6,11),0,3,1,1,0,10,12,11,9,8,7,3,1,12,9,4,1,7]
,[new Date(2024,6,12),0,4,2,2,12,26,28,27,25,24,18,13,2,0,0,0,59,60]
,[new Date(2024,6,13),0,2,0,0,10,21,24,24,18,10,4,0,2,16,8,2,0,14]
,[new Date(2024,6,15),0,4,6,6,9,20,21,20,18,17,16,16,8,4,0,0,0,4]
,[new Date(2024,6,16),0,6,2,2,21,30,27,26,19,11,5,3,2,0,0,0,0,4]
,[new Date(2024,6,17),0,4,2,2,3,10,7,12,11,9,7,7,1,0,0,0,0,10]
,[new Date(2024,6,18),0,4,6,7,5,14,10,9,7,7,8,7,2,8,21,15,6,0]
,[new Date(2024,6,19),0,3,1,1,17,28,30,30,28,20,13,9,2,0,0,0,0,10]
,[new Date(2024,6,20),0,2,8,8,6,17,20,19,18,11,5,1,2,12,0,0,0,0]
,[new Date(2024,6,22),0,3,1,1,6,10,3,2,2,1,0,0,2,25,10,5,0,0]
,[new Date(2024,6,23),0,4,1,2,9,20,22,22,20,19,17,17,10,15,17,24,32,33]
,[new Date(2024,6,24),0,5,4,4,0,8,8,8,6,7,6,6,1,0,0,1,6,0]
,[new Date(2024,6,25),0,3,1,2,22,32,28,27,25,17,10,5,2,0,1,0,0,0]
,[new Date(2024,6,26),1,5,0,0,1,10,1,0,2,0,0,0,2,20,20,19,15,3]
,[new Date(2024,6,27),0,4,2,1,0,10,9,8,4,5,5,6,0,2,0,0,9,11]
,[new Date(2024,6,29),0,5,1,1,4,11,11,7,7,10,9,10,5,0,0,0,0,4]
,[new Date(2024,6,30),0,5,1,0,4,11,10,9,5,7,4,7,2,47,28,25,11,4]
,[new Date(2024,6,31),0,3,0,0,2,13,9,8,4,3,2,1,3,2,0,0,2,10]
,[new Date(2024,7,01),1,3,2,2,2,13,11,12,10,11,9,10,7,0,0,0,0,-3]
,[new Date(2024,7,02),0,6,9,10,9,22,19,19,17,17,12,8,2,0,0,0,0,8]
,[new Date(2024,7,03),0,6,11,10,10,16,7,1,2,1,2,1,2,42,29,30,24,25]
,[new Date(2024,7,05),0,2,16,17,15,22,20,18,15,15,14,10,2,11,12,8,16,20]
,[new Date(2024,7,06),0,5,1,1,4,10,5,2,0,1,0,0,2,0,0,7,3,9]
,[new Date(2024,7,07),0,2,1,1,6,14,11,10,9,9,7,7,0,8,6,39,36,36]
,[new Date(2024,7,08),0,4,2,2,22,22,29,28,27,18,11,6,20,29,38,47,47,47]
,[new Date(2024,7,09),0,4,4,4,1,11,7,6,4,4,2,2,0,9,15,17,18,19]
,[new Date(2024,7,10),0,4,2,2,2,9,5,4,2,3,1,1,5,12,16,11,43,43]
,[new Date(2024,7,12),2,3,2,0,6,15,9,10,8,7,8,8,2,26,26,33,39,38]
,[new Date(2024,7,13),2,5,3,3,2,6,7,6,5,5,3,3,2,7,14,27,28,29]
,[new Date(2024,7,14),0,3,2,3,1,9,5,8,7,7,8,8,0,0,0,0,0,36]
,[new Date(2024,7,15),1,5,12,20,25,32,29,32,31,32,31,31,23,23,18,11,5,35]
,[new Date(2024,7,16),0,3,5,5,4,14,14,13,11,15,14,14,6,13,26,29,31,32]
,[new Date(2024,7,17),0,4,2,2,13,20,16,15,12,11,9,9,2,5,14,15,13,14]
,[new Date(2024,7,19),0,5,2,2,2,6,3,2,0,1,0,0,5,7,11,11,9,9]
,[new Date(2024,7,20),0,5,3,3,7,13,10,10,10,8,6,3,2,0,0,2,0,18]
,[new Date(2024,7,21),0,4,1,0,2,8,4,3,1,2,1,2,0,0,31,31,31,33]
,[new Date(2024,7,22),1,2,1,1,9,14,9,8,6,6,5,4,1,7,7,6,4,5]
,[new Date(2024,7,23),2,5,2,0,22,27,23,21,20,18,18,17,12,14,44,43,41,43]
,[new Date(2024,7,24),0,86,86,86,86,111,116,115,114,113,113,114,106,109,112,110,108,106]
,[new Date(2024,7,26),0,4,13,13,7,12,9,7,7,7,5,4,0,10,27,33,35,35]
,[new Date(2024,7,27),1,4,1,4,13,14,11,9,7,5,4,4,0,0,0,1,0,24]
,[new Date(2024,7,28),1,8,10,11,77,85,80,81,78,78,77,77,71,119,106,95,91,106]
,[new Date(2024,7,29),0,4,0,0,3,6,6,2,2,1,1,2,3,0,0,0,0,-2]
,[new Date(2024,7,30),1,5,4,4,5,15,14,13,10,9,7,6,0,4,0,52,49,66]
,[new Date(2024,7,31),0,2,5,4,5,10,5,2,4,7,4,2,3,26,13,8,2,7]
,[new Date(2024,8,02),0,5,4,3,2,9,1,0,0,5,4,6,3,2,0,0,0,7]
,[new Date(2024,8,03),0,3,4,3,7,11,8,7,3,0,0,0,4,16,3,0,0,12]
,[new Date(2024,8,04),0,5,4,4,1,14,10,10,7,8,4,3,1,0,1,0,4,8]
,[new Date(2024,8,05),0,4,1,1,2,7,5,4,3,1,0,0,1,3,5,6,4,1]
,[new Date(2024,8,06),0,5,1,1,3,5,2,1,0,3,2,1,2,42,28,20,16,26]
,[new Date(2024,8,07),0,4,0,0,5,6,0,0,2,1,0,0,2,45,25,39,38,46]
,[new Date(2024,8,09),0,6,7,10,9,13,9,9,6,4,4,5,1,0,16,19,16,17]
,[new Date(2024,8,10),0,4,4,3,3,12,9,8,6,3,3,2,1,0,2,3,3,4]
,[new Date(2024,8,11),1,5,2,2,10,17,13,12,10,9,8,8,0,2,33,33,38,37]
,[new Date(2024,8,12),0,4,1,0,2,12,7,6,4,3,1,1,2,5,26,28,27,27]
,[new Date(2024,8,13),0,4,1,1,2,11,8,6,6,6,4,3,0,3,4,6,5,6]
,[new Date(2024,8,14),0,5,5,5,7,14,11,9,7,6,5,5,1,0,0,2,3,2]
,[new Date(2024,8,16),0,4,3,3,2,11,7,5,5,4,3,2,0,0,0,1,11,12]
,[new Date(2024,8,17),0,3,0,1,1,7,2,2,3,2,0,0,4,0,2,3,4,5]
,[new Date(2024,8,18),0,3,1,1,10,18,13,11,9,7,4,4,0,0,10,9,7,5]
,[new Date(2024,8,19),0,1,0,0,1,9,9,8,6,6,3,4,0,3,61,69,70,70]
,[new Date(2024,8,20),0,4,4,3,7,13,8,6,6,5,3,2,0,0,2,8,4,3]
,[new Date(2024,8,21),0,4,5,4,4,11,6,5,3,2,1,1,9,21,22,17,8,11]
,[new Date(2024,8,23),0,2,4,3,0,8,9,7,5,4,3,2,0,0,0,1,0,-2]
,[new Date(2024,8,24),1,5,3,2,9,21,18,17,14,13,11,10,1,11,10,8,4,2]
,[new Date(2024,8,25),0,3,1,1,4,12,14,13,11,11,11,10,11,31,35,38,38,39]
,[new Date(2024,8,26),0,3,1,1,0,4,0,1,0,0,0,0,0,0,5,8,8,8]
,[new Date(2024,8,27),0,3,1,0,11,18,17,19,17,15,14,13,4,0,10,18,16,17]
,[new Date(2024,8,28),0,3,1,1,0,19,24,23,21,24,24,23,27,35,35,37,38,37]
,[new Date(2024,8,30),0,5,6,5,1,6,2,1,0,1,0,0,0,1,12,14,15,14]
,[new Date(2024,9,01),0,5,8,7,11,16,11,9,8,8,8,7,0,1,0,3,0,0]
,[new Date(2024,9,02),0,4,1,1,0,5,2,1,0,1,0,0,0,0,4,6,4,1]
,[new Date(2024,9,03),0,4,1,53,54,58,54,52,51,48,45,47,37,34,37,39,39,39]
,[new Date(2024,9,04),0,2,2,3,0,5,0,0,0,0,0,0,0,9,15,19,19,19]
,[new Date(2024,9,05),0,2,0,1,0,5,8,6,4,5,5,4,2,14,12,25,23,22]
,[new Date(2024,9,07),0,3,1,2,2,5,1,2,2,2,2,2,2,9,19,23,24,25]
,[new Date(2024,9,08),0,4,2,3,7,12,13,20,18,15,14,14,4,0,0,19,23,23]
,[new Date(2024,9,09),0,3,3,4,4,22,19,18,16,15,14,14,7,13,24,28,26,27]
,[new Date(2024,9,10),0,3,5,6,8,10,11,9,6,4,5,4,4,13,14,17,18,20]
,[new Date(2024,9,11),1,4,2,3,0,1,0,0,0,1,0,1,0,3,0,13,8,25]
,[new Date(2024,9,12),0,8,4,4,5,9,4,3,2,1,0,1,1,6,0,0,0,15]
,[new Date(2024,9,14),0,4,1,2,0,3,5,4,4,5,5,5,0,0,1,3,2,1]
,[new Date(2024,9,15),0,4,2,3,3,8,4,3,4,5,5,5,8,10,14,15,11,10]
,[new Date(2024,9,16),1,6,4,7,2,5,5,4,2,7,6,6,0,0,5,9,10,14]
,[new Date(2024,9,17),0,4,2,1,1,8,5,3,1,3,3,3,0,0,10,15,15,15]
,[new Date(2024,9,18),0,5,2,1,1,6,4,3,1,3,2,3,0,7,13,14,12,9]
,[new Date(2024,9,19),0,4,6,9,11,16,12,11,16,19,19,19,12,9,16,21,22,21]
,[new Date(2024,9,21),1,6,2,1,6,10,7,6,5,5,3,4,2,13,0,1,0,10]
,[new Date(2024,9,22),1,6,2,1,2,0,5,7,4,3,2,2,1,5,0,0,0,5]
,[new Date(2024,9,23),0,14,10,9,9,15,10,9,7,4,3,2,2,34,26,36,33,39]
,[new Date(2024,9,24),null,null,null,null,null,null,null,null,null,null,null,null,null,null,null,null,null,null]
,[new Date(2024,9,25),null,null,null,null,null,null,null,null,null,null,null,null,null,null,null,null,null,null]
,[new Date(2024,9,26),0,4,2,2,8,13,19,20,21,22,23,24,20,18,40,43,44,43]
,[new Date(2024,9,28),0,2,1,1,2,7,8,8,6,6,6,6,1,5,13,19,19,19]
,[new Date(2024,9,29),0,5,13,12,11,20,21,21,20,21,21,22,20,26,34,38,39,39]
,[new Date(2024,9,30),0,3,3,2,0,7,7,8,9,10,10,11,4,0,6,10,8,11]
,[new Date(2024,9,31),0,6,4,3,0,11,18,19,17,18,17,17,11,7,16,21,20,20]
,[new Date(2024,10,01),0,4,3,2,1,13,15,16,15,15,15,15,8,5,11,15,14,13]
,[new Date(2024,10,02),0,13,11,10,6,11,12,14,13,12,13,13,5,4,7,12,15,19]
,[new Date(2024,10,04),0,3,3,3,4,14,29,32,33,33,35,35,30,27,39,43,44,45]
,[new Date(2024,10,05),0,4,4,4,17,null,36,38,36,36,36,36,28,36,44,47,46,45]
,[new Date(2024,10,06),0,3,7,7,4,15,16,18,17,17,16,15,22,22,31,38,40,42]
,[new Date(2024,10,07),0,2,0,0,0,7,13,16,15,14,14,13,6,7,22,26,24,23]
,[new Date(2024,10,08),0,4,5,5,2,7,10,12,10,9,8,7,3,11,22,26,27,29]
,[new Date(2024,10,09),0,5,4,4,3,12,22,24,23,23,24,25,34,39,96,109,128,137]
,[new Date(2024,10,11),0,4,3,2,2,23,26,29,27,29,34,35,30,28,38,46,45,53]
,[new Date(2024,10,12),0,3,3,2,12,17,17,21,20,18,18,17,16,34,49,53,51,53]
,[new Date(2024,10,13),0,3,2,2,3,11,16,18,17,16,16,16,9,10,25,31,35,38]
,[new Date(2024,10,14),4,10,10,11,10,20,19,21,19,18,18,18,11,7,15,22,21,23]
,[new Date(2024,10,15),0,4,2,2,6,16,19,21,19,19,19,18,19,35,45,47,47,47]
,[new Date(2024,10,16),0,3,1,1,3,14,16,18,18,18,17,16,9,6,22,25,26,27]
,[new Date(2024,10,18),0,2,0,0,3,10,9,12,10,10,10,10,3,14,32,51,55,56]
,[new Date(2024,10,19),1,5,3,3,0,10,13,15,14,12,11,11,3,8,16,19,19,19]
,[new Date(2024,10,20),0,4,2,1,6,16,14,18,16,14,14,14,8,9,22,25,24,23]
,[new Date(2024,10,21),1,5,3,3,3,8,13,15,12,10,9,9,1,0,8,11,11,11]
,[new Date(2024,10,22),0,4,3,1,21,32,25,19,13,11,8,5,44,51,67,76,76,79]
,[new Date(2024,10,23),2,6,4,4,17,25,28,31,30,31,31,31,25,29,42,47,48,50]
,[new Date(2024,10,25),0,6,3,2,6,13,9,6,5,1,0,2,50,51,55,61,62,63]
,[new Date(2024,10,26),0,4,4,4,10,16,24,38,46,45,43,43,35,26,49,53,53,52]
,[new Date(2024,10,27),0,4,1,1,0,6,10,10,9,7,6,6,3,11,19,25,31,33]
,[new Date(2024,10,28),0,5,2,3,3,12,13,14,13,12,11,12,5,10,19,28,31,39]
,[new Date(2024,10,29),0,8,5,5,9,16,18,18,18,17,17,17,11,6,0,0,0,14]
,[new Date(2024,10,30),1,0,0,0,2,11,15,15,14,14,13,12,3,8,12,21,20,22]
,[new Date(2024,11,02),2,6,2,2,1,5,5,5,4,3,2,1,0,0,7,15,17,21]
,[new Date(2024,11,03),0,4,3,3,6,2,1,0,0,0,10,11,2,93,79,72,68,45]
,[new Date(2024,11,04),0,4,2,1,0,6,7,6,6,9,8,8,18,54,36,32,28,14]
,[new Date(2024,11,05),0,5,2,1,0,4,14,15,14,14,13,14,8,9,19,27,30,33]
,[new Date(2024,11,06),0,4,9,8,23,39,42,43,43,42,42,42,45,49,61,70,69,70]
,[new Date(2024,11,07),1,4,3,3,0,4,3,4,3,3,2,1,0,1,23,47,47,49]
,[new Date(2024,11,09),0,9,12,11,5,8,8,8,7,5,4,7,1,1,21,31,84,88]
,[new Date(2024,11,10),0,5,6,5,3,16,19,19,18,18,18,18,15,18,26,30,36,34]
,[new Date(2024,11,11),0,3,2,1,5,9,14,14,13,11,10,9,1,3,9,18,24,25]
,[new Date(2024,11,12),1,7,5,4,0,3,4,4,3,5,7,7,0,5,4,6,6,5]
,[new Date(2024,11,13),0,3,4,3,0,2,7,7,5,3,4,4,0,5,15,20,25,25]
,[new Date(2024,11,14),0,2,1,0,0,7,10,10,8,8,11,12,3,11,14,22,25,25]
,[new Date(2024,11,16),0,0,0,0,40,32,25,19,12,4,2,0,2,0,2,2,0,10]
,[new Date(2024,11,17),0,4,2,2,10,12,16,15,15,14,11,7,2,8,0,9,5,14]
,[new Date(2024,11,18),0,4,2,2,3,5,7,6,7,7,10,10,3,0,2,2,0,10]
,[new Date(2024,11,19),0,3,31,30,28,32,32,32,31,34,40,40,44,44,43,49,74,76]
,[new Date(2024,11,20),0,4,16,15,17,27,31,31,30,33,37,37,29,36,44,57,59,62]
,[new Date(2024,11,21),0,5,6,6,1,5,8,7,6,9,14,14,6,5,5,1,0,-2]
,[new Date(2024,11,23),0,3,3,2,8,14,13,13,11,10,13,12,3,4,16,35,40,40]
,[new Date(2024,11,24),0,4,4,3,0,7,7,6,5,7,13,13,4,4,19,24,32,35]
,[new Date(2024,11,25),0,4,3,2,1,7,13,11,10,16,23,24,15,9,16,21,27,27]
,[new Date(2024,11,26),0,4,2,1,12,15,15,14,13,20,27,28,21,13,29,36,43,44]
,[new Date(2024,11,27),0,2,1,0,10,30,28,28,27,33,37,36,28,26,37,50,54,56]
,[new Date(2024,11,28),0,3,5,4,9,14,12,11,9,17,22,22,15,15,32,33,38,38]
,[new Date(2024,11,30),0,3,2,1,0,2,3,1,1,16,20,19,11,6,36,35,36,33]
,[new Date(2024,11,31),0,4,3,2,4,12,10,9,8,11,17,16,7,6,12,12,18,17]
,[new Date(2025,0,01),0,4,4,3,12,14,13,12,10,12,19,19,14,24,41,42,44,33]
,[new Date(2025,0,02),0,6,9,9,6,8,7,4,0,1,2,1,2,12,16,17,20,12]
,[new Date(2025,0,03),0,4,3,2,2,6,1,6,4,11,16,16,8,10,8,11,16,6]
,[new Date(2025,0,04),0,3,5,5,3,6,3,2,1,6,12,12,4,17,23,23,31,22]
,[new Date(2025,0,06),0,4,3,3,6,22,23,22,20,22,27,26,18,31,51,54,59,50]
,[new Date(2025,0,07),0,3,10,9,10,11,8,4,6,8,13,13,4,9,26,28,30,23]
,[new Date(2025,0,08),0,4,4,4,4,6,6,5,4,5,9,9,2,18,31,38,47,41]
,[new Date(2025,0,09),0,3,1,1,5,11,8,7,6,8,13,15,17,36,45,48,50,44]
,[new Date(2025,0,10),0,4,1,1,2,0,1,0,0,3,4,5,2,7,0,0,0,9]
,[new Date(2025,0,11),0,4,10,8,4,5,4,0,0,2,5,4,3,0,41,17,11,5]
,[new Date(2025,0,13),0,0,4,3,3,2,2,1,0,2,8,8,1,0,0,0,0,10]
,[new Date(2025,0,14),0,5,6,5,3,5,2,3,2,3,7,6,2,0,0,0,0,-2]
,[new Date(2025,0,15),0,7,4,4,3,2,2,1,1,1,0,0,5,2,0,4,0,4]
,[new Date(2025,0,16),0,4,1,0,11,10,12,11,9,15,14,10,2,37,16,13,7,13]
,[new Date(2025,0,17),0,6,2,2,16,17,16,12,8,8,5,4,1,16,5,4,0,10]
,[new Date(2025,0,18),0,5,5,6,3,1,2,0,0,1,0,5,1,5,1,0,0,5]
,[new Date(2025,0,20),0,8,6,6,3,6,6,6,7,10,13,12,4,4,3,7,8,2]
,[new Date(2025,0,21),0,10,11,11,11,11,8,7,6,7,10,9,3,8,5,12,16,6]
,[new Date(2025,0,22),0,6,7,7,11,16,22,25,29,31,36,36,30,32,34,38,44,37]
,[new Date(2025,0,23),0,7,9,10,24,35,37,38,37,47,53,53,46,53,69,75,94,88]
,[new Date(2025,0,24),0,3,4,6,16,30,38,41,43,52,56,56,54,67,75,80,85,78]
,[new Date(2025,0,25),0,6,22,31,47,56,56,56,58,61,67,66,66,83,91,98,102,94]
,[new Date(2025,0,27),0,5,3,2,10,14,11,10,10,15,18,19,12,18,14,19,23,14]
,[new Date(2025,0,28),0,11,13,12,7,7,5,5,5,7,10,10,17,26,26,31,37,28]
,[new Date(2025,0,29),0,9,11,10,7,7,3,2,2,1,4,4,0,3,0,6,7,-2]
,[new Date(2025,0,30),0,5,3,2,6,14,16,16,17,19,23,24,18,39,52,56,57,47]
,[new Date(2025,0,31),0,0,7,7,8,9,9,8,6,7,6,4,2,0,0,24,18,14]
,[new Date(2025,1,01),1,11,9,9,6,7,3,2,1,2,1,1,2,0,0,0,0,-1]
,[new Date(2025,1,03),0,4,0,0,14,13,14,15,15,14,12,10,20,13,0,19,13,10]
,[new Date(2025,1,04),3,7,6,6,3,4,1,0,0,2,1,1,2,0,0,0,0,4]
,[new Date(2025,1,05),0,6,1,2,1,0,0,1,0,1,0,0,1,0,0,21,15,9]
,[new Date(2025,1,06),1,7,6,6,11,8,7,5,6,5,4,5,1,34,21,6,0,10]
,[new Date(2025,1,07),1,6,4,3,0,1,0,1,2,2,5,10,13,15,14,17,24,15]
,[new Date(2025,1,08),0,3,1,0,2,2,0,0,1,2,4,9,3,19,14,16,20,15]
,[new Date(2025,1,10),0,3,0,0,2,4,3,2,3,3,4,9,5,10,10,11,15,9]
,[new Date(2025,1,11),0,3,7,6,5,21,19,19,20,21,23,26,18,46,45,45,47,40]
,[new Date(2025,1,12),0,3,1,0,0,7,4,3,4,4,5,8,1,4,4,6,12,4]
,[new Date(2025,1,13),0,4,2,1,4,8,5,4,6,5,6,10,3,21,20,20,21,13]
,[new Date(2025,1,14),1,6,6,6,6,10,7,6,6,6,7,10,1,16,13,18,20,14]
,[new Date(2025,1,15),0,5,6,6,9,11,8,7,8,8,8,13,4,13,13,15,21,14]
,[new Date(2025,1,17),0,2,1,1,1,12,9,7,8,9,13,17,9,16,10,11,12,3]
,[new Date(2025,1,18),1,6,5,5,6,8,13,11,11,10,12,14,9,17,11,7,13,0]
,[new Date(2025,1,19),0,3,1,1,0,null,6,5,6,6,9,13,5,18,14,16,19,10]
,[new Date(2025,1,20),0,2,4,3,11,16,27,26,27,28,32,37,42,49,52,56,62,53]
,[new Date(2025,1,21),0,5,3,3,6,14,16,20,26,32,35,40,54,62,72,73,79,71]
,[new Date(2025,1,22),1,5,7,7,3,3,9,7,7,12,15,19,12,24,29,31,57,51]
,[new Date(2025,1,24),1,9,6,5,8,9,5,4,4,2,5,7,2,12,0,0,0,5]
,[new Date(2025,1,25),0,9,6,6,9,12,11,12,12,13,10,9,2,68,54,47,41,14]
,[new Date(2025,1,26),0,4,4,4,16,18,15,14,16,17,17,21,14,21,23,28,33,26]
,[new Date(2025,1,27),0,5,6,5,5,8,4,3,5,5,5,11,4,16,19,13,6,6]
,[new Date(2025,1,28),0,5,3,2,8,12,10,11,12,13,12,18,31,31,27,27,27,17]
,[new Date(2025,2,01),0,6,4,3,6,8,8,7,8,8,13,19,12,18,18,21,31,25]
,[new Date(2025,2,03),0,2,2,1,9,12,7,6,9,6,2,1,2,0,0,0,22,14]
,[new Date(2025,2,04),0,5,2,1,11,9,12,13,12,12,8,5,21,33,19,16,9,35]
,[new Date(2025,2,05),0,15,19,17,14,15,11,12,12,11,7,9,17,13,0,23,18,14]
,[new Date(2025,2,06),0,8,4,4,11,9,4,4,2,1,0,0,15,14,32,26,20,5]
,[new Date(2025,2,07),0,6,5,2,26,24,23,20,14,7,4,3,42,40,27,16,10,14]
,[new Date(2025,2,08),0,4,2,1,0,1,1,0,1,3,6,11,11,13,12,15,12,6]
,[new Date(2025,2,10),0,5,5,4,9,8,4,14,25,31,30,38,30,37,48,55,59,53]
,[new Date(2025,2,11),0,5,7,6,6,15,13,10,11,11,14,20,31,45,52,57,64,57]
,[new Date(2025,2,12),0,5,13,11,21,28,25,23,26,27,27,34,40,47,50,54,57,49]
,[new Date(2025,2,13),1,5,2,1,4,13,9,7,10,9,8,15,14,22,19,22,54,48]
,[new Date(2025,2,14),0,3,1,1,23,26,29,32,35,35,38,47,39,55,51,58,61,54]
,[new Date(2025,2,15),0,4,4,4,2,5,8,9,12,12,15,23,33,47,49,53,58,51]
,[new Date(2025,2,17),0,8,6,5,22,25,22,20,24,24,28,37,45,41,77,80,81,71]
,[new Date(2025,2,18),0,3,1,1,7,16,12,10,12,11,10,18,14,39,38,43,47,41]
,[new Date(2025,2,19),0,4,5,5,6,4,4,3,3,0,3,9,7,23,35,39,44,39]
,[new Date(2025,2,20),0,4,8,9,8,10,13,11,12,10,9,16,6,8,18,23,36,32]
,[new Date(2025,2,21),0,9,5,7,7,12,13,12,10,12,16,24,19,30,35,39,40,31]
,[new Date(2025,2,22),0,7,6,7,16,null,22,20,19,17,20,26,19,28,30,35,38,29]
,[new Date(2025,2,24),0,6,4,5,6,11,8,6,4,2,3,9,0,3,9,12,15,7]
,[new Date(2025,2,25),0,4,2,3,6,4,1,0,1,1,1,8,0,4,3,5,6,-4]
,[new Date(2025,2,26),0,3,7,9,6,13,14,12,13,11,14,22,20,32,35,37,39,31]
,[new Date(2025,2,27),0,6,2,4,3,0,3,1,3,0,0,0,1,5,0,0,0,6]
,[new Date(2025,2,28),0,8,7,8,7,7,3,2,5,6,6,12,3,13,8,2,0,14]
,[new Date(2025,2,29),20,25,23,23,23,24,23,22,22,20,25,32,24,28,34,38,40,35]
,[new Date(2025,2,31),0,3,1,1,2,5,2,0,0,0,0,5,0,1,0,11,12,5]
,[new Date(2025,3,01),2,5,4,3,2,3,15,14,12,10,8,13,5,5,16,21,39,32]
,[new Date(2025,3,02),0,7,9,10,19,21,18,16,15,14,14,19,13,25,25,28,35,27]
,[new Date(2025,3,03),0,5,6,6,5,8,5,3,0,0,5,9,0,25,28,30,32,26]
,[new Date(2025,3,04),0,5,6,5,4,19,19,16,15,12,12,17,12,25,25,31,34,29]
,[new Date(2025,3,05),1,5,3,2,11,13,9,6,4,1,0,5,13,17,18,13,5,17]
,[new Date(2025,3,07),0,7,6,7,11,12,9,7,5,3,2,7,0,13,17,20,24,19]
,[new Date(2025,3,08),0,5,3,2,4,4,3,1,0,0,7,13,7,20,31,33,38,30]
,[new Date(2025,3,09),0,5,2,2,0,4,0,4,3,1,0,8,3,6,13,15,18,11]
,[new Date(2025,3,10),0,9,7,6,11,17,14,14,13,11,10,13,17,24,10,36,30,14]
,[new Date(2025,3,11),0,6,12,15,24,22,18,16,17,16,14,18,20,22,29,36,42,40]
,[new Date(2025,3,12),0,5,4,3,0,1,0,0,1,1,0,2,5,10,17,19,20,12]
,[new Date(2025,3,14),0,8,6,6,4,3,3,2,2,0,1,4,1,19,19,18,10,13]
,[new Date(2025,3,15),0,4,3,1,2,2,0,0,0,1,2,6,23,15,0,0,77,71]
,[new Date(2025,3,16),0,6,2,2,8,12,13,9,2,0,0,0,16,22,18,19,22,16]
,[new Date(2025,3,17),0,4,1,0,1,2,0,2,0,3,5,6,19,29,37,39,41,33]
,[new Date(2025,3,18),0,5,22,25,20,19,15,12,10,7,6,6,3,6,2,8,13,6]
,[new Date(2025,3,19),0,5,8,8,7,9,5,4,1,1,1,2,6,12,23,26,33,28]
,[new Date(2025,3,21),0,8,5,4,4,4,3,2,1,0,0,1,8,13,20,22,16,0]
,[new Date(2025,3,22),0,9,11,11,9,7,3,3,2,0,0,1,6,8,0,0,0,-4]
,[new Date(2025,3,23),0,3,2,1,8,14,10,12,10,8,6,8,9,12,24,26,29,20]
,[new Date(2025,3,24),0,4,6,5,15,22,18,20,18,16,16,17,17,33,42,49,52,45]
,[new Date(2025,3,25),4,13,11,11,11,12,9,10,10,7,5,7,10,20,5,2,0,6]
,[new Date(2025,3,26),0,8,6,6,4,3,8,8,6,3,3,6,4,8,6,7,10,3]
];